--------------(m,n)-----------------
amn 	 	 	 tau^(1)_mn 	 	 p11 	 	 	 p12
bmn 	 	 	 tau^(2)_mn 	 	 p21 	 	 	 p22
--------------(0,1)-----------------
134316954.38492933 	 25.497264860061883  	 1.035783439808336  	 0.0698673102147894
51786191.71787706 	 254.53151033623112  	 -0.5304897849782623  	 -0.035783439808336356
--------------(0,2)-----------------
129452520.7247197 	 17.80658179441455  	 1.0673697922885046  	 0.2236336854418736
49588926.828815475 	 74.51408994613159  	 -0.3215458398381188  	 -0.06736979228850466
--------------(0,3)-----------------
121976193.87483211 	 11.620601941799046  	 1.0326724920190073  	 0.33639474877559644
46226058.68107188 	 39.56912639911075  	 -0.10029878253612977  	 -0.03267249201900745
--------------(0,4)-----------------
112657544.94306907 	 7.906371539265315  	 0.9845543602168327  	 0.38888077867218446
42061464.72642717 	 25.59380194883273  	 0.03910471493803219  	 0.015445639783167117
--------------(1,1)-----------------
1190986132.9369216 	 3.8483780571795045  	 0.9843146494073535  	 0.3885607334762831
428734393.3796461 	 18.626188216756816  	 0.03973463873022733  	 0.015685350592646495
--------------(1,2)-----------------
586409379.3655427 	 3.711933829266625  	 0.9801814407058639  	 0.39331941951599136
209777397.7494212 	 16.900981563051825  	 0.04938933354866074  	 0.01981855929413611
--------------(1,3)-----------------
381172291.9579299 	 3.5090375598129864  	 0.9736671044536389  	 0.4003564753222815
134945080.59387717 	 14.669296313110513  	 0.06404161226033889  	 0.026332895546361052
--------------(1,4)-----------------
276107147.8688862 	 3.267018292723173  	 0.96529936687979  	 0.40865805436920566
96342773.15728736 	 12.418660362817034  	 0.08196705980253069  	 0.03470063312020993
--------------(2,1)-----------------
24024128754.37863 	 1.61456396066029  	 0.9719145140148431  	 0.3788032987494308
7119669912.046225 	 5.837031667258496  	 0.07206033197770714  	 0.028085485985157012
--------------(2,2)-----------------
5955156363.443317 	 1.6025981275947416  	 0.9710504406863893  	 0.3795640279402609
1754690054.1228333 	 5.677923708683005  	 0.07406255666984009  	 0.0289495593136106
--------------(2,3)-----------------
2609706415.3304386 	 1.583244794848118  	 0.9696405253117069  	 0.38077998112126726
761619594.7073932 	 5.432842030770197  	 0.07730915080740282  	 0.030359474688293163
--------------(2,4)-----------------
1439549440.4991186 	 1.5573186965941426  	 0.9677286337496441  	 0.38237899577613815
414550387.7100844 	 5.1262628389034655  	 0.08167270042461883  	 0.03227136625035572
--------------(3,1)-----------------
807846278008.8138 	 1.0401346795233737  	 0.9777804959959123  	 0.3252351864738701
178506983213.57474 	 2.9346775503065308  	 0.06680026808121968  	 0.022219504004087662
--------------(3,2)-----------------
100432494553.68716 	 1.0372357576405418  	 0.9775499253978227  	 0.32522753207185795
22078693147.259518 	 2.8997326881239753  	 0.06747912334705136  	 0.022450074602177333
--------------(3,3)-----------------
29489886164.392017 	 1.0324621995362417  	 0.9771718692400186  	 0.32520763309172596
6427917022.806682 	 2.843586204437037  	 0.0685931230885187  	 0.022828130759981392
--------------(3,4)-----------------
12285317390.773264 	 1.0258979158061827  	 0.9766554476237888  	 0.3251651830809095
2646197854.3029265 	 2.7690893236438696  	 0.07011692960033912  	 0.023344552376211185
